1.5399,1.0,1.0,1.0,1.0,1.0,
  1.0,1.0,1.0,1.0,1.0,
  1.0,1.0,1.0,1.0,1.0,
  1.0,1.0,1.0,1.0,1.0,
  1.0,1.0,1.0,1.0,1.0,
  1.0,1.0,1.0,1.0,1.0,
  1.0,1.0,
 0.0,0.09,-1.45,-2.72,2.81,
 -0.52,1.69,0.49,1.98,1.39,
 0.28,1.35,2.04,-1.27,1.50,
 2.40,0.85,0.83,0.50,1.53,
 0.54,-0.35,-0.35,1.37,2.20,
 1.02,-0.81,1.78,-1.69,0.50,
 1.71,0.21,
   Aug 30, 1993
1.553,1.120,1.104,1.069,1.019,1.,-2.1,0.,-0.4,-0.2,-2.4,    APR 10, 1990
1.5525,1.026,1.064,1.035,0.968,1.,-3.07,0.,0.86,1.81,1.53,  OCT 7, 1988
1.554,1.026,1.064,1.035,0.968,1.,-3.07,0.,0.86,1.81,1.53,  MAY 11, 1988
1.554,1.006,1.041,1.026,0.974,1.,-3.07,0.,0.86,1.81,1.53,  MAR 30, 1988
1.549,1.015,1.069,1.006,0.983,1.,-2.9,0.,0.4,1.8,2.0, OCT. 15, 1986
