1.5394,1.,1.,1.,1.,1.,
  1.,1.,1.,1.,1.,
  1.,1.,1.,1.,1.,
  1.,1.,1.,1.,1.,
  1.,1.,1.,1.,1.,
  1.,1.,1.,1.,1.,
  1.,1.,
 7.0,7.0,5.4,5.9,4.7,
 1.3, 3.1,1.9,2.2,1.4,
 -0.1, 0.4,1.0,-2.5,0.0,
 0.8, -0.8,-0.7,-1.4,-0.4,
 -1.4,-2.9,-3.2,-1.4,-0.8,
 -2.6,-5.3,-2.9,-5.3,-5.1,
 -6.0,-9.0,
   JUL 21, 1990
1.553,1.120,1.104,1.069,1.019,1.,-2.1,0.,-0.4,-0.2,-2.4,    APR 10, 1990
1.5525,1.026,1.064,1.035,0.968,1.,-3.07,0.,0.86,1.81,1.53,  OCT 7, 1988
1.554,1.026,1.064,1.035,0.968,1.,-3.07,0.,0.86,1.81,1.53,  MAY 11, 1988
1.554,1.006,1.041,1.026,0.974,1.,-3.07,0.,0.86,1.81,1.53,  MAR 30, 1988
1.549,1.015,1.069,1.006,0.983,1.,-2.9,0.,0.4,1.8,2.0, OCT. 15, 1986
